numpy 2.5.3
       n    cur rms    new rms    cur max    new max  new/cur rms
     192  2.985e-16  2.794e-16  2.306e-16  2.743e-16  0.936
     512  2.937e-16  2.931e-16  2.539e-16  2.839e-16  0.998
    1000  3.922e-16  3.684e-16  4.325e-16  3.758e-16  0.939
    1080  4.141e-16  4.028e-16  4.482e-16  4.447e-16  0.972
    1536  3.972e-16  3.518e-16  4.112e-16  4.528e-16  0.886
    1920  4.608e-16  3.950e-16  5.363e-16  4.414e-16  0.857
    2000  4.154e-16  3.841e-16  5.096e-16  4.045e-16  0.925
    3840  4.888e-16  4.040e-16  4.945e-16  4.266e-16  0.826
    6000  4.951e-16  4.631e-16  5.645e-16  5.049e-16  0.935
    6400  4.785e-16  4.017e-16  5.009e-16  4.784e-16  0.840
    7680  4.916e-16  4.755e-16  5.541e-16  5.875e-16  0.967
    8192  4.373e-16  4.350e-16  5.021e-16  5.260e-16  0.995
   15000  5.381e-16  5.491e-16  5.393e-16  6.356e-16  1.020
   16000  4.886e-16  4.649e-16  5.458e-16  5.160e-16  0.951
   16384  4.618e-16  4.526e-16  6.025e-16  5.564e-16  0.980
  524288  5.750e-16  5.849e-16  6.137e-16  6.241e-16  1.017
 1048576  6.005e-16  5.799e-16  6.673e-16  6.765e-16  0.966
