$ partab -go round31-cascade-20261009/parity/rp-br/out-br1,round31-cascade-20261009/parity/rp-br/out-br2 -fftw round31-cascade-20261009/parity/rp-main/out-main1,round31-cascade-20261009/parity/rp-br/out-br1,round31-cascade-20261009/parity/rp-br/out-br2,round31-cascade-20261009/parity/rp-main/out-main2
row                     go run1      go run2      go mean         FFTW med    go/FFTW     numpy r1/r2 scipy r1/r2
Complex/256                 466          467          466         366         1.273       0.05/0.05   0.07/0.07   fftw[371 362 382 358]
Complex/1024               2474         2513         2494         2120        1.176       0.15/0.16   0.21/0.19   fftw[2163 2100 2134 2106]
Complex/4096              12213        12252        12232         13007       0.940       0.21/0.21   0.27/0.26   fftw[12812 12886 13522 13129]
Complex/65536            486869       457476       472172         406752      1.161       0.26/0.25   0.35/0.33   fftw[410535 399368 407660 405843]
Complex/1048576        21199777     21163973     21181875         26872067    0.788       0.42/0.42   0.52/0.50   fftw[26854012 26890123 27383664 26762596]
Complex/1000               3020         3033         3026         2731        1.108       0.18/0.18   0.21/0.22   fftw[2743 2683 2777 2719]
Complex/1080               3762         3765         3764         2999        1.255       0.18/0.19   0.28/0.27   fftw[3006 2985 2991 3018]
Complex/1920               5461         5520         5490         4951        1.109       0.17/0.18   0.23/0.24   fftw[4910 4937 4965 5190]
Complex/1009              18728        18693        18710         30713       0.609       0.23/0.23   0.33/0.33   fftw[31027 30298 30710 30717]
Complex/1296               4428         4382         4405         3665        1.202       0.21/0.19   0.27/0.24   fftw[3666 3664 3644 3690]
Complex/10007            337170       330867       334018         363644      0.919       0.36/0.34   0.46/0.45   fftw[364136 363151 364239 360083]
Real/256                    388          394          391         360         1.084       0.06/0.06   0.06/0.06   fftw[361 360 364 359]
Real/1024                  1287         1304         1296         1519        0.853       0.10/0.10   0.11/0.12   fftw[1514 1502 1523 1569]
Real/4096                  7851         8073         7962         7578        1.051       0.24/0.23   0.25/0.26   fftw[7562 7527 7595 7796]
Real/65536               216782       214484       215633         189957      1.135       0.36/0.35   0.31/0.31   fftw[187690 189003 196888 190911]
Real/1048576           11185928      8696178      9941053         8766969     1.134       0.54/0.27   0.53/0.32   fftw[10146152 10217340 7387786 6985496]
Real/1000                  1858         1863         1860         1888        0.985       0.13/0.15   0.15/0.17   fftw[1860 1902 1873 1931]
Real/1080                  2087         2061         2074         2234        0.928       0.15/0.15   0.16/0.17   fftw[2272 2239 2019 2229]
Real/1920                  3401         3474         3438         3471        0.990       0.19/0.19   0.19/0.20   fftw[3470 3473 3418 3480]
FFT2Plan/64x64            17711        17558        17634         16877       1.045       0.32/0.32   0.38/0.39   fftw[16711 15106 17042 17083]
FFT2Plan/128x128          80525        82295        81410         77026       1.057       0.39/0.39   0.46/0.47   fftw[72018 82034 69930 82335]
FFT2Plan/256x256         453402       486304       469853         482312      0.974       0.52/0.52   0.60/0.64   fftw[469889 482312 482313 571585]
FFT2Plan/512x512        3136013      2449355      2792684         2382100     1.172       0.55/0.51   0.87/0.70   fftw[2404719 2587407 2359481 2290103]
FFT2Plan/1024x1024     15546939     16594246     16070592         21490832    0.748       0.51/0.55   0.59/0.62   fftw[25332221 27340037 17649444 13657412]
| Complex/256 | 466 | 366 | 1.273 | 8,850 | 6,448 |
| Complex/1024 | 2,494 | 2,120 | 1.176 | 16,182 | 12,694 |
| Complex/4096 | 12,232 | 13,007 | 0.940 | 57,985 | 46,010 |
| Complex/65536 | 472,172 | 406,752 | 1.161 | 1,864,806 | 1,383,708 |
| Complex/1048576 | 21,181,875 | 26,872,067 | 0.788 | 50,144,731 | 41,553,796 |
| Complex/1000 | 3,026 | 2,731 | 1.108 | 16,970 | 13,983 |
| Complex/1080 | 3,764 | 2,999 | 1.255 | 20,415 | 13,697 |
| Complex/1920 | 5,490 | 4,951 | 1.109 | 31,320 | 23,715 |
| Complex/1009 | 18,710 | 30,713 | 0.609 | 81,722 | 57,009 |
| Complex/1296 | 4,405 | 3,665 | 1.202 | 21,866 | 17,339 |
| Complex/10007 | 334,018 | 363,644 | 0.919 | 952,147 | 733,422 |
| Real/256 | 391 | 360 | 1.084 | 6,577 | 6,937 |
| Real/1024 | 1,296 | 1,519 | 0.853 | 12,976 | 11,275 |
| Real/4096 | 7,962 | 7,578 | 1.051 | 33,823 | 31,658 |
| Real/65536 | 215,633 | 189,957 | 1.135 | 602,797 | 694,274 |
| Real/1048576 | 9,941,053 | 8,766,969 | 1.134 | 26,441,303 | 24,048,265 |
| Real/1000 | 1,860 | 1,888 | 0.985 | 13,578 | 11,803 |
| Real/1080 | 2,074 | 2,234 | 0.928 | 13,762 | 12,637 |
| Real/1920 | 3,438 | 3,471 | 0.990 | 18,158 | 17,621 |
| FFT2Plan/64x64 | 17,634 | 16,877 | 1.045 | 54,945 | 45,535 |
| FFT2Plan/128x128 | 81,410 | 77,026 | 1.057 | 208,670 | 174,065 |
| FFT2Plan/256x256 | 469,853 | 482,312 | 0.974 | 904,767 | 758,912 |
| FFT2Plan/512x512 | 2,792,684 | 2,382,100 | 1.172 | 5,249,498 | 3,551,813 |
| FFT2Plan/1024x1024 | 16,070,592 | 21,490,832 | 0.748 | 30,484,511 | 26,410,621 |
gonum: go-fft faster in every run on 19 of 19 rows
rows 24; go/FFTW <= 1.05: 11; < 1: 10; numpy in every run: 24; scipy in every run: 24
