$ partab -go round33-parity-n1-v0.21.0-20261009/neoverse-n1/parity-a,round33-parity-n1-v0.21.0-20261009/neoverse-n1/parity-b -fftw round33-parity-n1-v0.21.0-20261009/neoverse-n1/parity-a,round33-parity-n1-v0.21.0-20261009/neoverse-n1/parity-b
row                     go run1      go run2      go mean         FFTW med    go/FFTW     numpy r1/r2 scipy r1/r2
Complex/256                1013         1017         1015         1160        0.875       0.11/0.11   0.13/0.13   fftw[1158 1162]
Complex/1024               4912         4882         4897         6382        0.767       0.26/0.26   0.34/0.33   fftw[6364 6401]
Complex/4096              23791        23997        23894         41271       0.579       0.39/0.40   0.50/0.50   fftw[41241 41300]
Complex/65536            745449       723470       734460         1267164     0.580       0.35/0.32   0.53/0.49   fftw[1229518 1304811]
Complex/1048576        20489115     20475871     20482493         45859295    0.447       0.46/0.44   0.68/0.67   fftw[44166537 47552054]
Complex/1000               6119         6110         6114         7179        0.852       0.32/0.31   0.38/0.39   fftw[7164 7194]
Complex/1080               6959         6913         6936         7725        0.898       0.31/0.31   0.41/0.41   fftw[7745 7704]
Complex/1920              11966        11979        11972         13554       0.883       0.36/0.35   0.46/0.45   fftw[13605 13503]
Complex/1009              21852        21371        21612         48139       0.449       0.22/0.22   0.38/0.37   fftw[48144 48134]
Complex/1296               8619         8717         8668         11413       0.759       0.35/0.35   0.44/0.44   fftw[11418 11409]
Complex/10007            420452       430035       425244         630409      0.675       0.41/0.41   0.55/0.57   fftw[645158 615660]
Real/256                    753          754          753         720         1.046       0.09/0.09   0.10/0.10   fftw[721 720]
Real/1024                  3108         3138         3123         4228        0.739       0.22/0.22   0.25/0.25   fftw[4208 4248]
Real/4096                 14785        14805        14795         19946       0.742       0.40/0.40   0.45/0.45   fftw[19871 20021]
Real/65536               396880       397615       397248         557735      0.712       0.55/0.55   0.54/0.51   fftw[545029 570441]
Real/1048576           10257897     10157122     10207510         19139423    0.533       0.51/0.47   0.57/0.53   fftw[18631661 19647184]
Real/1000                  3843         3906         3874         3949        0.981       0.25/0.26   0.31/0.31   fftw[3952 3947]
Real/1080                  4356         4384         4370         4217        1.036       0.27/0.27   0.31/0.31   fftw[4219 4214]
Real/1920                  7087         7183         7135         7326        0.974       0.33/0.33   0.38/0.38   fftw[7328 7325]
FFT2Plan/64x64            24763        24667        24715         31180       0.793       0.35/0.34   0.49/0.49   fftw[31415 30944]
FFT2Plan/128x128         130209       128620       129414         196285      0.659       0.52/0.51   0.64/0.64   fftw[198863 193707]
FFT2Plan/256x256         628031       622514       625272         1323000     0.473       0.53/0.57   0.64/0.69   fftw[1240346 1405655]
FFT2Plan/512x512        3267497      3246088      3256792         7169069     0.454       0.55/0.62   0.80/0.83   fftw[6578719 7759418]
FFT2Plan/1024x1024     19143685     17940835     18542260         44847924    0.413       0.70/0.70   0.92/0.90   fftw[43106629 46589220]
| Complex/256 | 1,015 | 1,160 | 0.875 | 9,440 | 7,683 |
| Complex/1024 | 4,897 | 6,382 | 0.767 | 18,851 | 14,633 |
| Complex/4096 | 23,894 | 41,271 | 0.579 | 60,140 | 48,099 |
| Complex/65536 | 734,460 | 1,267,164 | 0.580 | 2,192,458 | 1,444,663 |
| Complex/1048576 | 20,482,493 | 45,859,295 | 0.447 | 45,526,432 | 30,524,594 |
| Complex/1000 | 6,114 | 7,179 | 0.852 | 19,435 | 15,830 |
| Complex/1080 | 6,936 | 7,725 | 0.898 | 22,178 | 17,065 |
| Complex/1920 | 11,972 | 13,554 | 0.883 | 33,340 | 26,210 |
| Complex/1009 | 21,612 | 48,139 | 0.449 | 97,321 | 57,534 |
| Complex/1296 | 8,668 | 11,413 | 0.759 | 24,879 | 19,746 |
| Complex/10007 | 425,244 | 630,409 | 0.675 | 1,036,692 | 758,770 |
| Real/256 | 753 | 720 | 1.046 | 8,718 | 7,817 |
| Real/1024 | 3,123 | 4,228 | 0.739 | 14,202 | 12,506 |
| Real/4096 | 14,795 | 19,946 | 0.742 | 36,984 | 32,924 |
| Real/65536 | 397,248 | 557,735 | 0.712 | 722,644 | 756,900 |
| Real/1048576 | 10,207,510 | 19,139,423 | 0.533 | 20,971,907 | 18,595,691 |
| Real/1000 | 3,874 | 3,949 | 0.981 | 15,182 | 12,632 |
| Real/1080 | 4,370 | 4,217 | 1.036 | 15,945 | 14,092 |
| Real/1920 | 7,135 | 7,326 | 0.974 | 21,826 | 18,904 |
| FFT2Plan/64x64 | 24,715 | 31,180 | 0.793 | 70,788 | 50,072 |
| FFT2Plan/128x128 | 129,414 | 196,285 | 0.659 | 253,527 | 201,876 |
| FFT2Plan/256x256 | 625,272 | 1,323,000 | 0.473 | 1,141,482 | 939,314 |
| FFT2Plan/512x512 | 3,256,792 | 7,169,069 | 0.454 | 5,617,647 | 4,004,770 |
| FFT2Plan/1024x1024 | 18,542,260 | 44,847,924 | 0.413 | 26,555,379 | 20,395,201 |
gonum: go-fft faster in every run on 19 of 19 rows
rows 24; go/FFTW <= 1.05: 24; < 1: 22; numpy in every run: 24; scipy in every run: 24
