$ partab -go round32-zen3-small-20261009/zen3/parity/par2-br/runpkg/benchmarks,round32-zen3-small-20261009/zen3/parity/par3-br/runpkg/benchmarks -fftw round32-zen3-small-20261009/zen3/parity/par1-main/runpkg/benchmarks,round32-zen3-small-20261009/zen3/parity/par2-br/runpkg/benchmarks,round32-zen3-small-20261009/zen3/parity/par3-br/runpkg/benchmarks,round32-zen3-small-20261009/zen3/parity/par4-main/runpkg/benchmarks
row                     go run1      go run2      go mean         FFTW med    go/FFTW     numpy r1/r2 scipy r1/r2
Complex/256                 305          308          306         280         1.094       0.04/0.04   0.05/0.06   fftw[278 280 280 281]
Complex/1024               1785         1840         1812         1598        1.134       0.13/0.14   0.18/0.19   fftw[1523 1950 1624 1572]
Complex/4096              20360        10671        15516         10320       1.503       0.45/0.25   0.60/0.31   fftw[10300 10257 10362 10341]
Complex/65536            273907       268766       271336         297433      0.912       0.14/0.14   0.28/0.30   fftw[298456 296794 295238 298073]
Complex/1048576         6592239      6052467      6322353         11403185    0.554       0.28/0.15   0.44/0.42   fftw[11370727 11435642 11363933 11531470]
Complex/1000               2226         2173         2200         2074        1.061       0.16/0.16   0.22/0.20   fftw[2163 2112 2029 2036]
Complex/1080               2638         2575         2606         2383        1.094       0.18/0.18   0.25/0.24   fftw[2297 2433 2350 2415]
Complex/1920               3849         3876         3862         3940        0.980       0.17/0.16   0.23/0.24   fftw[3987 3773 4271 3892]
Complex/1009              13610        13052        13331         20254       0.658       0.22/0.22   0.34/0.34   fftw[20207 20286 20933 20222]
Complex/1296               3215         3022         3118         2959        1.054       0.19/0.18   0.25/0.24   fftw[2921 2911 3206 2997]
Complex/10007            214040       220300       217170         213383      1.018       0.32/0.34   0.46/0.47   fftw[201873 219747 208930 217835]
Real/256                    241          245          243         228         1.066       0.04/0.04   0.04/0.05   fftw[232 226 221 230]
Real/1024                  1095         1024         1060         985         1.076       0.11/0.11   0.13/0.12   fftw[964 1005 951 1062]
Real/4096                  6037         5886         5962         5304        1.124       0.23/0.24   0.27/0.27   fftw[5169 5351 5257 5357]
Real/65536               153735       137460       145598         154166      0.944       0.35/0.34   0.31/0.28   fftw[155281 170366 153051 152954]
Real/1048576            2990230      2879272      2934751         3781403     0.776       0.35/0.35   0.30/0.28   fftw[3832094 3906236 3730711 3729040]
Real/1000                  1257         1303         1280         1260        1.016       0.11/0.13   0.14/0.15   fftw[1254 1235 1350 1266]
Real/1080                  1510         1546         1528         1341        1.139       0.13/0.14   0.16/0.17   fftw[1330 1419 1327 1352]
Real/1920                  2487         2472         2480         2304        1.076       0.17/0.17   0.19/0.21   fftw[2297 2311 2292 2400]
FFT2Plan/64x64            12126        12716        12421         10986       1.131       0.24/0.27   0.36/0.39   fftw[10762 11370 10974 10997]
FFT2Plan/128x128          53438        56811        55124         60079       0.918       0.34/0.39   0.41/0.44   fftw[60826 58828 62628 59331]
FFT2Plan/256x256         285867       290194       288030         284430      1.013       0.43/0.47   0.60/0.63   fftw[282275 286047 282813 288314]
FFT2Plan/512x512        1250358      1282883      1266620         1332972     0.950       0.41/0.43   0.64/0.66   fftw[1323816 1352195 1342129 1315956]
FFT2Plan/1024x1024      6033768      6060495      6047132         6776408     0.892       0.40/0.46   0.58/0.64   fftw[6393202 6930148 6622667 6964250]
| Complex/256 | 306 | 280 | 1.094 | 7,026 | 5,600 |
| Complex/1024 | 1,812 | 1,598 | 1.134 | 13,448 | 9,976 |
| Complex/4096 | 15,516 | 10,320 | 1.503 | 44,068 | 34,161 |
| Complex/65536 | 271,336 | 297,433 | 0.912 | 1,916,995 | 941,529 |
| Complex/1048576 | 6,322,353 | 11,403,185 | 0.554 | 32,030,182 | 14,687,209 |
| Complex/1000 | 2,200 | 2,074 | 1.061 | 13,738 | 10,557 |
| Complex/1080 | 2,606 | 2,383 | 1.094 | 14,583 | 10,823 |
| Complex/1920 | 3,862 | 3,940 | 0.980 | 23,099 | 16,470 |
| Complex/1009 | 13,331 | 20,254 | 0.658 | 61,489 | 39,326 |
| Complex/1296 | 3,118 | 2,959 | 1.054 | 16,599 | 12,692 |
| Complex/10007 | 217,170 | 213,383 | 1.018 | 660,133 | 468,610 |
| Real/256 | 243 | 228 | 1.066 | 6,131 | 5,333 |
| Real/1024 | 1,060 | 985 | 1.076 | 9,582 | 8,420 |
| Real/4096 | 5,962 | 5,304 | 1.124 | 25,372 | 22,149 |
| Real/65536 | 145,598 | 154,166 | 0.944 | 424,736 | 496,290 |
| Real/1048576 | 2,934,751 | 3,781,403 | 0.776 | 8,400,873 | 10,170,434 |
| Real/1000 | 1,280 | 1,260 | 1.016 | 10,675 | 8,911 |
| Real/1080 | 1,528 | 1,341 | 1.139 | 11,186 | 9,106 |
| Real/1920 | 2,480 | 2,304 | 1.076 | 14,279 | 12,385 |
| FFT2Plan/64x64 | 12,421 | 10,986 | 1.131 | 48,812 | 33,336 |
| FFT2Plan/128x128 | 55,124 | 60,079 | 0.918 | 151,529 | 128,914 |
| FFT2Plan/256x256 | 288,030 | 284,430 | 1.013 | 635,683 | 467,818 |
| FFT2Plan/512x512 | 1,266,620 | 1,332,972 | 0.950 | 3,010,417 | 1,939,220 |
| FFT2Plan/1024x1024 | 6,047,132 | 6,776,408 | 0.892 | 14,002,910 | 9,918,276 |
gonum: go-fft faster in every run on 19 of 19 rows
rows 24; go/FFTW <= 1.05: 12; < 1: 9; numpy in every run: 24; scipy in every run: 24
