time of (gap 576, Go passes) / time of column; spread max/min in brackets
       n          g576 go        g576 neon         g1088 go       g1088 neon         g2112 go       g2112 neon         g3136 go       g3136 neon
    1024     1.000 [1.25]     1.292 [1.00]     1.001 [1.00]     1.293 [1.00]     1.000 [1.00]     1.294 [1.00]     1.001 [1.02]     1.291 [1.02]
    2048     1.000 [1.00]     1.353 [1.00]     1.001 [1.00]     1.353 [1.01]     1.000 [1.01]     1.350 [1.00]     1.001 [1.01]     1.350 [1.02]
    4096     1.000 [1.03]     1.338 [1.01]     1.026 [1.03]     1.337 [1.01]     1.022 [1.04]     1.338 [1.00]     0.994 [1.04]     1.338 [1.03]
    8192     1.000 [1.01]     1.402 [1.04]     1.002 [1.01]     1.397 [1.05]     1.005 [1.01]     1.402 [1.02]     1.008 [1.02]     1.404 [1.03]
   16384     1.000 [1.08]     1.407 [1.05]     0.991 [1.08]     1.401 [1.06]     1.010 [1.07]     1.411 [1.02]     1.009 [1.07]     1.413 [1.01]
   32768     1.000 [1.07]     1.366 [1.06]     0.986 [1.08]     1.359 [1.08]     0.995 [1.04]     1.368 [1.03]     0.990 [1.06]     1.374 [1.01]
   65536     1.000 [1.03]     1.353 [1.07]     0.993 [1.05]     1.355 [1.07]     1.000 [1.02]     1.353 [1.03]     0.991 [1.03]     1.361 [1.01]
  262144     1.000 [1.06]     1.344 [1.04]     1.003 [1.02]     1.349 [1.08]     1.000 [1.03]     1.349 [1.03]     1.000 [1.03]     1.352 [1.02]
 1048576     1.000 [1.17]     1.188 [1.07]     1.004 [1.07]     1.190 [1.18]     1.005 [1.03]     1.164 [1.10]     1.012 [1.10]     1.201 [1.08]
