row              rounds      main ns    branch ns   ratio spreadM spreadB
AB/C/64               7          310          267   1.160    1.24    1.01
AB/C/128              7          595          505   1.177    1.02    1.23
AB/C/256              7         1373         1114   1.232    1.00    1.04
AB/C/512              7         2844         2306   1.233    1.01    1.01
AB/C/1024             7         6710         5522   1.215    1.01    1.11
AB/C/2048             7        14530        11723   1.239    1.01    1.02
AB/C/4096             7        33642        27772   1.211    1.01    1.03
AB/C/8192             7        75780        63609   1.191    1.05    1.04
AB/C/16384            7       169107       143412   1.179    1.02    1.03
AB/C/65536            7       815125       732734   1.112    1.04    1.02
AB/C/262144           7      4209994      3939525   1.069    1.08    1.12
AB/C/1000             7         7311         7335   0.997    1.01    1.01
AB/C/1080             7         8718         8724   0.999    1.01    1.01
AB/C/1296             7        11556        11619   0.995    1.02    1.06
AB/C/1920             7        15059        15037   1.001    1.06    1.02
AB/C/2000             7        16779        16837   0.997    1.02    1.01
AB/C/6000             7        59865        60095   0.996    1.01    1.02
AB/C/1009             7        21677        21751   0.997    1.02    1.02
AB/C/10007            7       476081       477603   0.997    1.04    1.02
AB/R/256              7          928          833   1.114    1.02    1.01
AB/R/1024             7         4149         3571   1.162    1.02    1.01
AB/R/4096             7        19463        16673   1.167    1.01    1.02
AB/R/1000             7         4698         4731   0.993    1.02    1.02
AB/2D/32              7         9918         6797   1.459    1.01    1.03
AB/2D/64              7        45824        33840   1.354    1.01    1.03
AB/2D/128             7       181893       147109   1.236    1.04    1.03
AB/2D/256             7       909588       762982   1.192    1.09    1.06
AB/2D/512             7      4800136      3726576   1.288    1.16    1.08
AB/2D/1024            7     22973271     18786468   1.223    1.05    1.06
