row              rounds      main ns    branch ns   ratio spreadM spreadB
AB/C/262144          15      4023652      3672161   1.096    1.14    1.08
AB/C/1000            15         7306         7304   1.000    1.15    1.02
AB/C/1080            15         8717         8724   0.999    1.03    1.02
AB/C/1296            15        11656        11942   0.976    1.12    1.14
AB/C/1920            15        15012        15008   1.000    1.05    1.02
AB/C/2000            15        16781        16797   0.999    1.01    1.02
AB/C/6000            15        59904        60005   0.998    1.03    1.02
AB/C/1009            15        21583        21564   1.001    1.03    1.02
AB/C/10007           15       473326       473974   0.999    1.06    1.04
AB/R/1000            15         4705         4746   0.991    1.04    1.01
