time(g=576)/time(g); spread max/min in brackets; n rounds=7
       n             g576            g1088            g2112            g4032
    1024     1.000 [1.03]     1.003 [1.18]     1.004 [1.02]     1.002 [1.02]
    2048     1.000 [1.02]     1.000 [1.02]     0.997 [1.02]     0.996 [1.02]
    4096     1.000 [1.02]     1.003 [1.03]     1.003 [1.02]     0.996 [1.03]
    8192     1.000 [1.04]     1.010 [1.02]     1.008 [1.02]     1.001 [1.02]
   16384     1.000 [1.33]     1.007 [1.16]     0.997 [1.03]     1.005 [1.02]
   32768     1.000 [1.05]     1.003 [1.02]     0.999 [1.04]     0.995 [1.02]
   65536     1.000 [1.05]     1.004 [1.03]     1.019 [1.25]     1.000 [1.32]
  131072     1.000 [1.06]     0.998 [1.23]     1.010 [1.05]     0.991 [1.04]
  262144     1.000 [1.45]     1.055 [1.50]     0.981 [1.58]     1.009 [1.42]
 1048576     1.000 [1.07]     1.022 [1.09]     1.017 [1.08]     1.021 [1.09]
