time(g=576)/time(g); spread max/min in brackets; n rounds=5
       n             g576            g1088            g2112            g3136            g4032
    1024     1.000 [1.02]     1.006 [1.02]     1.008 [1.01]     1.008 [1.02]     1.009 [1.01]
    2048     1.000 [1.01]     1.003 [1.02]     1.000 [1.02]     1.004 [1.02]     1.005 [1.00]
    4096     1.000 [1.02]     1.002 [1.01]     1.000 [1.01]     1.006 [1.02]     1.002 [1.01]
    8192     1.000 [1.05]     0.988 [1.19]     1.010 [1.02]     0.997 [1.04]     1.007 [1.02]
   16384     1.000 [1.25]     0.999 [1.24]     1.010 [1.02]     1.018 [1.03]     1.009 [1.02]
   32768     1.000 [1.02]     1.002 [1.02]     1.008 [1.02]     1.011 [1.01]     1.009 [1.02]
   65536     1.000 [1.04]     1.002 [1.03]     1.015 [1.03]     1.009 [1.02]     1.011 [1.02]
  131072     1.000 [1.01]     1.006 [1.06]     1.012 [1.63]     1.007 [1.03]     1.015 [1.02]
  262144     1.000 [1.05]     0.754 [1.66]     0.787 [1.26]     0.756 [1.15]     0.791 [1.11]
 1048576     1.000 [1.06]     1.002 [1.12]     1.008 [1.06]     1.009 [1.04]     1.018 [1.07]
