time(g=576)/time(g); spread max/min in brackets; n rounds=7
       n             g576            g2112            g4032
    1024     1.000 [1.02]     1.002 [1.01]     1.000 [1.01]
    2048     1.000 [1.02]     1.005 [1.02]     1.001 [1.01]
    4096     1.000 [1.02]     1.008 [1.03]     1.006 [1.01]
    8192     1.000 [1.04]     1.013 [1.05]     1.014 [1.03]
   16384     1.000 [1.04]     1.002 [1.12]     1.004 [1.02]
   32768     1.000 [1.11]     1.034 [1.11]     1.032 [1.13]
   65536     1.000 [1.06]     1.006 [1.10]     0.994 [1.04]
  131072     1.000 [1.07]     0.986 [1.06]     0.967 [1.09]
  262144     1.000 [1.59]     0.937 [1.52]     0.956 [1.98]
 1048576     1.000 [1.13]     1.017 [1.08]     0.981 [1.15]
