n  inter_med split_med  inter/split  spread(inter) spread(split)  per-round ratios min..max
      64          305          250  1.219  [1.26] [1.02]  1.209..1.526
     128          586          488  1.201  [1.06] [1.35]  0.889..1.256
     256         1375         1091  1.260  [1.35] [1.31]  0.960..1.703
     512         2876         2276  1.264  [2.67] [1.00]  1.248..3.328
    1024         6717         5251  1.279  [1.64] [1.00]  1.275..2.083
    2048        14520        11729  1.238  [1.01] [1.01]  1.234..1.243
    4096        33684        27663  1.218  [1.01] [1.02]  1.211..1.236
    8192        75206        63270  1.189  [1.02] [1.02]  1.185..1.196
   16384       168531       142689  1.181  [1.02] [1.02]  1.177..1.194
   32768       379446       326620  1.162  [1.01] [1.01]  1.158..1.172
   65536       824459       731979  1.126  [1.03] [1.02]  1.109..1.136
  131072      1980934      1783704  1.111  [1.07] [1.19]  1.010..1.128
  262144      4353205      3901152  1.116  [1.14] [1.16]  1.009..1.130
 1048576     25530747     22492044  1.135  [1.08] [1.08]  1.095..1.169
