time of (gap 576, Go passes) / time of column; spread max/min in brackets
       n          g576 go        g576 neon         g1088 go       g1088 neon         g2112 go       g2112 neon         g3136 go       g3136 neon
    1024     1.000 [1.11]     1.178 [1.09]     0.994 [1.01]     1.151 [1.08]     1.012 [1.02]     1.165 [1.10]     1.016 [1.03]     1.186 [1.02]
    2048     1.000 [1.18]     1.232 [1.09]     1.001 [1.01]     1.222 [1.08]     1.005 [1.02]     1.232 [1.02]     1.019 [1.03]     1.247 [1.01]
    4096     1.000 [1.22]     1.144 [1.03]     0.999 [1.08]     1.132 [1.07]     1.004 [1.02]     1.142 [1.03]     1.009 [1.03]     1.163 [1.01]
    8192     1.000 [1.04]     1.103 [1.14]     1.099 [1.33]     1.207 [1.09]     1.141 [1.01]     1.231 [1.02]     1.135 [1.02]     1.241 [1.01]
   16384     1.000 [1.12]     1.034 [1.01]     1.025 [1.11]     1.071 [1.02]     1.009 [1.02]     1.091 [1.02]     1.025 [1.02]     1.107 [1.01]
   32768     1.000 [1.07]     1.043 [1.03]     1.002 [1.07]     1.096 [1.01]     1.096 [1.02]     1.160 [1.03]     1.097 [1.01]     1.186 [1.03]
   65536     1.000 [1.22]     1.051 [1.02]     0.967 [1.15]     1.053 [1.12]     1.047 [1.01]     1.060 [1.03]     1.042 [1.01]     1.074 [1.03]
  262144     1.000 [1.16]     1.047 [1.03]     1.024 [1.12]     1.092 [1.03]     1.089 [1.01]     1.164 [1.01]     1.140 [1.04]     1.198 [1.03]
 1048576     1.000 [1.23]     0.946 [1.02]     0.946 [1.13]     0.980 [1.03]     1.041 [1.05]     1.068 [1.05]     1.037 [1.02]     1.095 [1.03]
